00  -0.1425497  0.0000000   0.0000000   0.8159497   0.5119970   0.3186675   19.30541    0.3548290   1.979469    49.98692
4.846166    19.96498    0.0000000   6.643418    0.0000000   -0.1425430  0.0000000   0.0000000   0.8163412   0.5122422   0.3186714   19.28097    0.3536728   2.031830    50.01770
4.854500    19.96504    0.0000000   6.643462    0.0000000   -0.1425359  0.0000000   0.0000000   0.8167328   0.5124878   0.3186737   19.25843    0.3514156   2.084189    49.98252
4.862833    19.96511    0.0000000   6.643507    0.0000000   -0.1425288  0.0000000   0.0000000   0.8171245   0.5127332   0.3186742   19.23802    0.3489738   2.136549    50.03432
4.871166    19.96516    0.0000000   6.643542    0.0000000   -0.1425217  0.0000000   0.0000000   0.8175160   0.5129786   0.3186730   19.21924    0.3448438   2.188908    50.02122
4.879500    19.96523    0.0000000   6.643570    0.0000000   -0.1425143  0.0000000   0.0000000   0.8179074   0.5132238   0.3186707   19.20295    0.3377840   2.241268    49.96711
4.887833    19.96529    0.0000000   6.643594    0.0000000   -0.1425066  0.0000000   0.0000000   0.8182986   0.5134690   0.3186658   19.18776    0.3269698   2.293628    50.00653
4.896167    19.96535    0.0000000   6.643622    0.0000000   -0.1424988  0.0000000   0.0000000   0.8186892   0.5137138   0.3186590   19.17520    0.3149619   2.345988    49.98434
4.904500    19.96542    0.0000000   6.643645    0.0000000   -0.1424909  0.0000000   0.0000000   0.8190795   0.5139580   0.3186499   19.16522    0.2964621   2.398348    50.01292
4.912833    19.96548    0.0000000   6.643651    0.0000000   -0.1424830  0.0000000   0.0000000   0.8194688   0.5142014   0.3186382   19.15715    0.2771456   2.450708    49.97100
4.921167    19.96554    0.0000000   6.643644    0.0000000   -0.1424754  0.0000000   0.0000000   0.8198578   0.5144436   0.3186230   19.15081    0.2609199   2.503068    50.01546
4.929500    19.96561    0.0000000   6.643631    0.0000000   -0.1424680  0.0000000   0.0000000   0.8202460   0.5146844   0.3186045   19.14691    0.2401644   2.555428    49.99498
4.937833    19.96568    0.0000000   6.643628    0.0000000   -0.1424607  0.0000000   0.0000000   0.8206328   0.5149238   0.3185850   19.14531    0.2184504   2.607788    50.03550
4.946166    19.96574    0.0000000   6.643605    0.0000000   -0.1424535  0.0000000   0.0000000   0.8210187   0.5151624   0.3185630   19.14574    0.1971964   2.660148    49.99400
4.954500    19.96581    0.0000000   6.643582    0.0000000   -0.1424464  0.0000000   0.0000000   0.8214038   0.5154000   0.3185378   19.14906    0.1789273   2.712508    49.97000
4.962833    19.96588    0.0000000   6.643545    0.0000000   -0.1424394  0.0000000   0.0000000   0.8217879   0.5156367   0.3185096   19.15370    0.1569640   2.764868    50.01166
4.971166    19.96594    0.0000000   6.643510    0.0000000   -0.1424325  0.0000000   0.0000000   0.8221707   0.5158724   0.3184802   19.16089    0.1346468   2.817228    50.00328
4.979500    19.96601    0.0000000   6.643478    0.0000000   -0.1424257  0.0000000   0.0000000   0.8225526   0.5161075   0.3184510   19.16992    0.1115612   2.869588    49.99883
4.987833    19.96608    0.0000000   6.643466    0.0000000   -0.1424191  0.0000000   0.0000000   0.8229332   0.5163418   0.3184226   19.18143    0.08901620  2.921947    49.98948
4.996166    19.96615    0.0000000   6.643456    0.0000000   -0.1424126  0.0000000   0.0000000   0.8233126   0.5165753   0.3183949   19.19550    0.06207395  2.974307    50.04376
5.004500    19.96622    0.0000000   6.643462    0.0000000   -0.1424064  0.0000000   0.0000000   0.8236908   0.5168084   0.3183679   19.21197    0.04049791  3.026667    49.96484
5.012833    19.96629    0.0000000   6.643472    0.0000000   -0.1424008  0.0000000   0.0000000   0.8240684   0.5170406   0.3183396   19.22986    0.01482090  3.079027    49.97336
5.021167    19.96637    0.0000000   6.643506    0.0000000   -0.1423957  0.0000000   0.0000000   0.8244451   0.5172720   0.3183126   19.25006    -.01344735  3.131387    50.01340
5.029500    19.96644    0.0000000   6.643543    0.0000000   -0.1423905  0.0000000   0.0000000   0.8248212   0.5175032   0.3182884   19.27229    -.03583575  3.183746    50.00919
5.037833    19.96652    0.0000000   6.643587    0.0000000   -0.1423856  0.0000000   0.0000000   0.8251972   0.5177340   0.3182666   19.29666    -.06399991  3.236106    49.99988
5.046167    19.96659    0.0000000   6.643650    0.0000000   -0.1423812  0.0000000   0.0000000   0.8255731   0.5179648   0.3182461   19.32213    -.09154606  3.288466    49.99789
5.054500    19.96666    0.0000000   6.643716    0.0000000   -0.1423768  0.0000000   0.0000000   0.8259491   0.5181953   0.3182285   19.34959    -0.1177307  3.340826    50.01920
5.062833    19.96674    0.0000000   6.643784    0.0000000   -0.1423725  0.0000000   0.0000000   0.8263254   0.5184257   0.3182161   19.37880    -0.1451616  3.393186    49.97372